0.0,0.0
0.002,2.3776412907378837
0.004,1.4694631307311832
0.006,-1.4694631307311834
0.008,-2.377641290737884
0.01,-6.123233995736766e-16
0.012,2.3776412907378845
0.014,1.4694631307311834
0.016,-1.469463130731182
0.018000000000000002,-2.377641290737883
0.02,-1.2246467991473533e-15
0.022,2.3776412907378837
0.024,1.4694631307311803
0.026000000000000002,-1.4694631307311887
0.028,-2.3776412907378845
0.03,-1.8369701987210296e-15
0.032,2.377641290737883
0.034,1.4694631307311772
0.036000000000000004,-1.469463130731188
0.038,-2.3776412907378845
0.04,-2.4492935982947065e-15
0.042,2.377641290737886
0.044,1.4694631307311852
0.046,-1.4694631307311807
0.048,-2.3776412907378823
0.05,5.82016719913287e-15
0.052000000000000005,2.3776412907378885
0.054,1.4694631307311856
0.056,-1.46946313073118
0.058,-2.377641290737885
0.06,-3.673940397442059e-15
0.062,2.3776412907378828
0.064,1.4694631307311858
0.066,-1.469463130731194
0.068,-2.3776412907378797
0.07,1.3477304596986768e-14
0.07200000000000001,2.377641290737888
0.074,1.4694631307311865
0.076,-1.469463130731179
0.078,-2.3776412907378854
0.08,-4.898587196589413e-15
0.082,2.377641290737888
0.084,1.4694631307311725
0.08600000000000001,-1.4694631307311927
0.088,-2.3776412907378854
0.09,-5.5109105961630896e-15
0.092,2.3776412907378823
0.094,1.4694631307311876
0.096,-1.4694631307311925
0.098,-2.37764129073788
0.1,1.164033439826574e-14
0.10200000000000001,2.3776412907378877
0.10400000000000001,1.4694631307311592
0.106,-1.469463130731192
0.108,-2.377641290737886
0.11,1.1028010998692062e-14
0.112,2.377641290737882
0.114,1.469463130731174
0.116,-1.469463130731177
0.11800000000000001,-2.3776412907378806
0.12,-7.347880794884118e-15
0.122,2.377641290737887
0.124,1.469463130731189
0.126,-1.469463130731191
0.128,-2.3776412907378863
0.13,9.803364199544707e-15
0.132,2.3776412907378925
0.134,1.469463130731175
0.136,-1.4694631307312047
0.138,-2.377641290737881
0.14,2.6954609193973536e-14
0.14200000000000002,2.3776412907378868
0.14400000000000002,1.4694631307311612
0.146,-1.4694631307311612
0.148,-2.3776412907378868
0.15,8.578717400397356e-15
0.152,2.377641290737881
0.154,1.4694631307311763
0.156,-1.469463130731175
0.158,-2.3776412907378814
0.16,-9.797174393178826e-15
0.162,2.3776412907378863
0.164,1.4694631307311623
0.166,-1.469463130731189
0.168,-2.377641290737876
0.17,7.354070601250003e-15
0.17200000000000001,2.3776412907378917
0.17400000000000002,1.4694631307311483
0.176,-1.469463130731174
0.178,-2.3776412907378925
0.18,-1.1021821192326179e-14
0.182,2.377641290737886
0.184,1.469463130731192
0.186,-1.4694631307311878
0.188,-2.3776412907378877
0.19,6.12942380210265e-15
0.192,2.377641290737891
0.194,1.469463130731178
0.196,-1.4694631307312016
0.198,-2.3776412907378823
0.2,2.328066879653148e-14
0.202,2.3776412907378854
0.20400000000000001,1.4694631307311643
0.20600000000000002,-1.4694631307312156
0.20800000000000002,-2.377641290737866
0.21,4.904777002955297e-15
0.212,2.3776412907378908
0.214,1.4694631307312078
0.216,-1.469463130731172
0.218,-2.3776412907378823
0.22,2.2056021997384124e-14
0.222,2.3776412907378965
0.224,1.469463130731194
0.226,-1.4694631307311858
0.228,-2.377641290737877
0.23,3.920726699181296e-14
0.232,2.3776412907378797
0.234,1.46946313073118
0.23600000000000002,-1.4694631307311998
0.23800000000000002,-2.3776412907378717
0.24,-1.4695761589768237e-14
0.242,2.377641290737885
0.244,1.469463130731166
0.246,-1.4694631307311563
0.248,-2.3776412907378885
0.25,2.45548340466059e-15
0.252,2.3776412907378903
0.254,1.4694631307311523
0.256,-1.46946313073117
0.258,-2.377641290737883
0.26,1.9606728399089415e-14
0.262,2.3776412907378957
0.264,1.4694631307311385
0.266,-1.4694631307311838
0.268,-2.377641290737878
0.27,3.6757973393518244e-14
0.272,2.377641290737901
0.274,1.469463130731182
0.276,-1.4694631307311978
0.278,-2.3776412907378726
0.28,5.390921838794707e-14
0.28200000000000003,2.377641290737906
0.28400000000000003,1.469463130731168
0.28600000000000003,-1.4694631307312118
0.28800000000000003,-2.3776412907378672
0.29,6.189806365883577e-18
0.292,2.3776412907378672
0.294,1.4694631307312118
0.296,-1.469463130731168
0.298,-2.377641290737884
0.3,1.7157434800794712e-14
0.302,2.3776412907378726
0.304,1.4694631307311978
0.306,-1.469463130731182
0.308,-2.3776412907378788
0.31,3.430867979522354e-14
0.312,2.377641290737878
0.314,1.4694631307311838
0.316,-1.4694631307311958
0.318,-2.3776412907378734
0.32,-1.9594348786357652e-14
0.322,2.377641290737883
0.324,1.46946313073117
0.326,-1.4694631307312098
0.328,-2.377641290737868
0.33,-2.443103791928823e-15
0.332,2.3776412907378885
0.334,1.4694631307311563
0.336,-1.4694631307312236
0.338,-2.377641290737863
0.34,1.4708141202500006e-14
0.342,2.377641290737894
0.34400000000000003,1.4694631307311423
0.34600000000000003,-1.4694631307312376
0.34800000000000003,-2.3776412907378575
0.35000000000000003,3.185938619692883e-14
0.352,2.377641290737877
0.354,1.4694631307311858
0.356,-1.4694631307311365
0.358,-2.3776412907378965
0.36,-2.2043642384652358e-14
0.362,2.3776412907378823
0.364,1.469463130731172
0.366,-1.4694631307311503
0.368,-2.3776412907378908
0.37,-4.892397390223529e-15
0.372,2.377641290737888
0.374,1.469463130731158
0.376,-1.4694631307311643
0.378,-2.3776412907378854
0.38,1.22588476042053e-14
0.382,2.3776412907378934
0.384,1.4694631307311443
0.386,-1.469463130731178
0.388,-2.37764129073788
0.39,2.941009259863413e-14
0.392,2.3776412907378983
0.394,1.4694631307311303
0.396,-1.469463130731192
0.398,-2.377641290737875
0.4,4.656133759306296e-14
0.402,2.3776412907379036
0.404,1.469463130731174
0.406,-1.4694631307312058
0.40800000000000003,-2.37764129073787
0.41000000000000003,6.371258258749179e-14
0.41200000000000003,2.377641290737909
0.41400000000000003,1.4694631307311026
0.41600000000000004,-1.469463130731277
0.418,-2.3776412907378863
0.42,9.809554005910593e-15
0.422,2.3776412907378925
0.424,1.469463130731146
0.426,-1.4694631307311186
0.428,-2.3776412907379028
0.43,-4.40934745756706e-14
0.432,2.3776412907378757
0.434,1.46946313073119
0.436,-1.46946313073119
0.438,-2.3776412907378757
0.44,4.411204399476825e-14
0.442,2.3776412907379028
0.444,1.4694631307311186
0.446,-1.469463130731146
0.448,-2.3776412907378925
0.45,-9.790984586812942e-15
0.452,2.3776412907378863
0.454,1.4694631307311623
0.456,-1.4694631307312178
0.458,-2.3776412907378655
0.46,7.841453398362592e-14
0.462,2.3776412907379134
0.464,1.4694631307312058
0.466,-1.469463130731174
0.468,-2.377641290737882
0.47000000000000003,2.4511505402044716e-14
0.47200000000000003,2.377641290737897
0.47400000000000003,1.4694631307311345
0.47600000000000003,-1.4694631307312456
0.47800000000000004,-2.377641290737855
0.48,-2.9391523179536473e-14
0.482,2.37764129073788
0.484,1.469463130731178
0.486,-1.4694631307312016
0.488,-2.3776412907378712
0.49,5.881399539090237e-14
0.492,2.3776412907378637
0.494,1.4694631307312216
0.496,-1.469463130731158
0.498,-2.377641290737888
0.5,4.91096680932118e-15
0.502,2.3776412907378908
0.504,1.4694631307311503
0.506,-1.4694631307312296
0.508,-2.3776412907378606
0.51,-4.8992061772260005e-14
0.512,2.3776412907378743
0.514,1.469463130731194
0.516,-1.4694631307311858
0.518,-2.377641290737877
0.52,3.921345679817883e-14
0.522,2.3776412907379014
0.524,1.4694631307311226
0.526,-1.4694631307312571
0.528,-2.37764129073785
0.53,-1.4689571783402354e-14
0.532,2.377641290737885
0.534,1.469463130731166
0.536,-1.4694631307312136
0.538,-2.377641290737867
0.54,7.351594678703649e-14
0.542,2.377641290737912
0.544,1.4694631307310948
0.546,-1.469463130731285
0.548,-2.377641290737883
0.55,1.96129182054553e-14
0.552,2.3776412907378957
0.554,1.4694631307311385
0.556,-1.4694631307312414
0.558,-2.377641290737856
0.56,1.0781843677589415e-13
0.562,2.3776412907379227
0.5640000000000001,1.469463130731067
0.5660000000000001,-1.4694631307313126
0.5680000000000001,-2.3776412907378726
0.5700000000000001,5.3915408194312956e-14
0.5720000000000001,2.377641290737906
0.5740000000000001,1.4694631307311106
0.5760000000000001,-1.469463130731269
0.578,-2.3776412907378894
0.58,1.2379612731767154e-17
0.582,2.3776412907378455
0.584,1.469463130731269
0.586,-1.4694631307311106
0.588,-2.377641290737906
0.59,-5.3890648968849424e-14
0.592,2.3776412907378726
0.594,1.4694631307311978
0.596,-1.469463130731182
0.598,-2.3776412907378788
0.6,3.4314869601589424e-14
0.602,2.377641290737856
0.604,1.4694631307312414
0.606,-1.4694631307311385
0.608,-2.3776412907378957
0.61,-1.9588158979991766e-14
0.612,2.377641290737883
0.614,1.46946313073117
0.616,-1.4694631307312098
0.618,-2.377641290737868
0.62,6.861735959044708e-14
0.622,2.377641290737867
0.624,1.4694631307312136
0.626,-1.469463130731166
0.628,-2.377641290737885
0.63,1.471433100886589e-14
0.632,2.377641290737894
0.634,1.4694631307311423
0.636,-1.4694631307312376
0.638,-2.3776412907378575
0.64,-3.9188697572715304e-14
0.642,2.377641290737877
0.644,1.4694631307311858
0.646,-1.469463130731194
0.648,-2.3776412907378743
0.65,4.9016820997723543e-14
0.652,2.3776412907379045
0.654,1.4694631307311146
0.656,-1.4694631307312653
0.658,-2.377641290737847
0.66,-4.886207583857646e-15
0.662,2.377641290737888
0.664,1.469463130731158
0.666,-1.4694631307312216
0.668,-2.3776412907378637
0.67,8.33193109865812e-14
0.672,2.377641290737915
0.674,1.4694631307310868
0.676,-1.469463130731293
0.678,-2.37764129073788
0.68,2.941628240500001e-14
0.682,2.3776412907378983
0.684,1.4694631307311303
0.686,-1.4694631307312496
0.6880000000000001,-2.377641290737853
0.6900000000000001,1.1762180097543884e-13
0.6920000000000001,2.377641290737926
0.6940000000000001,1.469463130731059
0.6960000000000001,-1.4694631307313208
0.6980000000000001,-2.37764129073787
0.7000000000000001,6.371877239385766e-14
0.7020000000000001,2.377641290737909
0.704,1.4694631307312178
0.706,-1.4694631307311623
0.708,-2.3776412907378863
0.71,9.815743812276475e-15
0.712,2.3776412907378486
0.714,1.4694631307312613
0.716,-1.4694631307311188
0.718,-2.3776412907379028
0.72,-4.4087284769304716e-14
0.722,2.3776412907378757
0.724,1.46946313073119
0.726,-1.46946313073119
0.728,-2.3776412907378757
0.73,4.411823380113413e-14
0.732,2.3776412907378592
0.734,1.4694631307312336
0.736,-1.4694631307311465
0.738,-2.3776412907378925
0.74,-9.784794780447059e-15
0.742,2.3776412907378863
0.744,1.4694631307311623
0.746,-1.4694631307312178
0.748,-2.3776412907378655
0.75,-6.368782336202825e-14
0.752,2.37764129073787
0.754,1.4694631307312058
0.756,-1.4694631307311743
0.758,-2.377641290737882
0.76,2.45176952084106e-14
0.762,2.377641290737897
0.764,1.4694631307311345
0.766,-1.4694631307312456
0.768,-2.377641290737855
0.77,-2.9385333373170597e-14
0.772,2.37764129073788
0.774,1.469463130731178
0.776,-1.4694631307312016
0.778,-2.3776412907378712
0.78,5.882018519726826e-14
0.782,2.3776412907379076
0.784,1.4694631307311068
0.786,-1.4694631307312733
0.788,-2.3776412907378437
0.79,4.917156615687063e-15
0.792,2.3776412907378908
0.794,1.4694631307311503
0.796,-1.4694631307312296
0.798,-2.3776412907378606
0.8,9.312267518612591e-14
0.802,2.3776412907379183
0.804,1.469463130731079
0.806,-1.469463130731301
0.808,-2.377641290737877
0.81,3.921964660454472e-14
0.812,2.3776412907379014
0.8140000000000001,1.4694631307311226
0.8160000000000001,-1.4694631307312571
0.8180000000000001,-2.377641290737894
0.8200000000000001,1.2742516517498359e-13
0.8220000000000001,2.377641290737885
0.8240000000000001,1.4694631307310513
0.8260000000000001,-1.4694631307312136
0.8280000000000001,-2.377641290737823
0.8300000000000001,7.352213659340238e-14
0.8320000000000001,2.377641290737956
0.834,1.4694631307313246
0.836,-1.46946313073117
0.838,-2.377641290737927
0.84,1.9619108011821187e-14
0.842,2.3776412907378517
0.844,1.4694631307311385
0.846,-1.4694631307311266
0.848,-2.377641290737856
0.85,-3.428392056976e-14
0.852,2.377641290737835
0.854,1.469463130731182
0.856,-1.469463130731083
0.858,-2.3776412907378726
0.86,-8.81869491513412e-14
0.862,2.377641290737906
0.864,1.4694631307312256
0.866,-1.469463130731269
0.868,-2.3776412907378894
0.87,1.4212711657111769e-13
0.872,2.3776412907378894
0.874,1.469463130731269
0.876,-1.4694631307312256
0.878,-2.377641290737906
0.88,8.82240879895365e-14
0.882,2.3776412907378726
0.884,1.469463130731083
0.886,-1.469463130731182
0.888,-2.377641290737835
0.89,3.4321059407955307e-14
0.892,2.377641290737856
0.894,1.4694631307311266
0.896,-1.4694631307311385
0.898,-2.3776412907378517
0.9,-1.9581969173625883e-14
0.902,2.377641290737927
0.904,1.46946313073117
0.906,-1.4694631307313246
0.908,-2.377641290737868
0.91,-7.348499775520707e-14
0.912,2.3776412907379103
0.914,1.4694631307312136
0.916,-1.469463130731281
0.918,-2.377641290737885
0.92,1.5682906796725184e-13
0.922,2.377641290737894
0.924,1.4694631307310275
0.926,-1.4694631307312376
0.928,-2.3776412907379014
0.93,1.0292603938567062e-13
0.932,2.377641290737877
0.934,1.469463130731071
0.936,-1.469463130731194
0.9380000000000001,-2.3776412907378304
0.9400000000000001,4.902301080408943e-14
0.9420000000000001,2.3776412907379485
0.9440000000000001,1.4694631307311146
0.9460000000000001,-1.4694631307313801
0.9480000000000001,-2.377641290737847
0.9500000000000001,-4.880017777491762e-15
0.9520000000000001,2.377641290737932
0.9540000000000001,1.469463130731158
0.9560000000000001,-1.4694631307313366
0.9580000000000001,-2.3776412907378637
0.96,-5.878304635907295e-14
0.962,2.3776412907378273
0.964,1.4694631307312016
0.966,-1.4694631307310633
0.968,-2.37764129073788
0.97,-1.1268607494065414e-13
0.972,2.3776412907378983
0.974,1.4694631307312456
0.976,-1.4694631307312496
0.978,-2.377641290737897
0.98,1.1762799078180475e-13
0.982,2.377641290737882
0.984,1.469463130731289
0.986,-1.4694631307312058
0.988,-2.3776412907379134
0.99,6.372496220022355e-14
0.992,2.3776412907378655
0.994,1.4694631307311026
0.996,-1.4694631307311623
0.998,-2.3776412907378424
1.0,9.82193361864236e-15
